30
30
30
30
32
34
35
36
37
39
40
42
44
45
46
46
46
46
46
46
46
46
46
46
45
45
44
43
41
39
37
35
34
35
37
38
39
40
40
40
40
40
40
40
40
40
40
40
40
40
40
40
40
41
42
43
44
44
44
44
44
44
44
44
44
43
43
42
41
43
44
45
45
45
45
45
45
45
45
45
45
45
45
45
44
44
44
43
43
43
43
43
43
43
43
43
43
43
43
43
42
42
41
40
39
39
39
38
38
39
40
41
42
43
44
45
45
46
46
46
46
46
46
46
46
46
46
46
46
46
46
46
46
46
46
46
46
46
46
45
44
44
43
43
42
42
42
42
42
42
41
41
40
40
39
38
37
37
36
36
35
35
35
35
36
36
36
36
36
36
37
37
37
37
37
37
37
37
38
38
38
38
38
39
39
40
40
40
40
54
56
57
58
58
58
59
59
59
59
59
58
58
58
58
58
58
58
57
57
56
55
54
53
52
52
52
53
59
60
61
61
61
61
61
61
61
61
60
62
63
64
64
64
64
64
64
64
64
64
64
64
64
64
64
64
64
64
64
64
64
64
64
64
63
62
60
60
60
59
58
55
43
43
42
42
41
41
40
39
38
43
44
45
45
45
47
48
49
50
50
50
50
50
51
51
51
51
51
51
51
51
51
51
51
51
51
51
51
51
50
50
49
48
46
44
44
44
45
47
51
53
55
57
58
59
59
60
60
60
60
60
60
60
60
60
60
59
59
58
57
55
54
52
52
53
54
55
56
56
56
56
57
57
57
57
57
57
57
57
56
55
53
54
55
55
56
57
58
59
60
61
61
62
62
63
63
64
65
66
67
73
77
80
86
89
91
92
95
96
97
97
97
98
98
98
98
98
97
97
97
96
95
94
93
93
92
92
91
91
90
89
88
87
85
84
82
81
80
78
77
75
73
72
72
71
70
68
66
65
64
64
63
62
61
60
59
58
57
56
55
54
53
52
51
49
50
51
52
52
53
54
54
55
55
55
55
56
56
57
57
58
58
58
59
59
60
60
60
60
60
60
60
60
60
61
62
63
63
63
63
64
64
65
65
65
65
65
65
66
66
66
67
67
67
67
67
68
68
68
68
68
68
68
68
68
68
68
68
68
68
68
68
68
68
68
68
68
68
68
68
68
68
68
68
68
68
68
68
67
66
65
64
64
63
63
65
65
65
65
65
65
65
65
65
65
65
65
65
65
65
65
65
65
65
65
65
65
65
65
65
65
65
65
65
65
65
65
65
65
65
65
65
65
65
65
65
65
65
65
65
65
65
65
65
65
65
65
65
65
65
65
65
65
65
65
65
65
65
65
65
65
65
65
65
65
65
65
65
65
65
65
65
65
65
65
65
65
65
65
65
65
65
65
65
65
63
63
63
63
64
65
66
66
67
67
68
68
69
69
70
70
70
70
70
70
70
70
70
70
70
70
70
70
70
69
68
68
67
66
65
65
64
64
63
63
62
62
62
62
64
65
66
66
66
66
66
66
66
66
66
65
65
64
64
65
65
66
66
66
66
66
66
66
66
66
66
66
67
68
68
68
68
68
68
68
68
68
67
67
66
66
65
64
62
60
58
58
59
60
60
61
62
63
64
64
65
65
65
65
65
65
65
65
65
65
65
64
63
63
62
61
62
62
63
63
63
63
63
63
63
63
63
63
63
63
63
63
63
64
65
65
65
65
65
65
65
65
64
64
63
62
60
60
60
60
60
60
60
60
60
61
62
63
64
64
65
65
65
65
65
64
64
64
63
63
64
65
65
65
65
65
65
65
65
65
64
64
63
62
61
